0.0000000000000000e+00 0.0000000000000000e+00 1.7453292519943296e-03 8.7266462599716474e-02 6.2831853071795862e+00 3.4906585039886578e-01 1.3962634015954636e+00 2.0000000000000000e+04 6.4278760968653925e-02 7.6604444311897807e-02 1.1334079845283872e-01 1.3507430374366683e-01 1.3853099920482979e+00 -3.4354184979574892e-01 6.3118812654903655e-02 5.7275626090987437e+01 5.7277665211166266e+01 5.3875362572823562e+01 4.7123889803846897e+00 1.4447585407329093e+00 6.2316041772602073e+00 9.9998395566356602e-01 6.9813170079773179e-01 8.7283914147256142e-02 1.9997333973151246e-02 1.5707963267948966e+00 2.0000000000000000e+04 1.0000000000000001e-01 3.4906585039886590e-01 0.0000000000000000e+00 6.9813170079773179e-01 1.1102230246251565e-16
3.0000000000000000e+01 -1.2008279919269412e-03 2.0687678076889224e-04 8.7279603541461956e-02 6.2196283755024986e+00 3.4831289802630810e-01 4.0744751300829751e+00 2.0000000060265062e+04 6.4280030957229395e-02 7.6603374908700117e-02 1.1334079925003751e-01 1.3507430469024240e-01 -2.3021447429772159e+00 2.7774725353842700e-01 -2.1296508588900065e-01 5.7275782977799160e+01 5.7277819376906393e+01 5.3875626932694047e+01 3.2604743888003846e+00 5.5151466350817646e+00 6.2315855686968726e+00 9.9998397711591436e-01 7.0483124554586496e-01 8.7288109042545969e-02 1.3960177295795878e-02 2.9709888846183272e+00 2.0000000060265062e+04 9.9999997136326138e-02 3.4906585279932950e-01 1.6602655920405773e-05 6.9813170081045051e-01 8.2091725834312346e-03
6.0000000000000000e+01 -2.8453410481075163e-04 -1.6955479345687179e-03 8.7267382992950976e-02 6.2135713984193464e+00 3.3016330001083832e-01 4.1549607741603667e-01 1.9999999913891661e+04 6.4281287513091645e-02 7.6602290048732022e-02 1.1334079734464475e-01 1.3507430247992999e-01 3.2576167786807686e-01 -1.3123672444010195e-01 3.0383979306896297e-01 5.7275748543510723e+01 5.7277785720620891e+01 5.3875645724330724e+01 1.8082694248721149e+00 3.3026417554716563e+00 6.2315643798768550e+00 9.9998397098523362e-01 7.1153078995573005e-01 8.7284316901111214e-02 1.9698470700197007e-02 4.5461256645884704e+00 1.9999999913891661e+04 9.9999973825250665e-02 3.4906584713938327e-01 3.3202006308186149e-05 6.9813170059009788e-01 1.6418247703445021e-02
9.0000000000000000e+01 1.1340439009251252e-03 -6.0743058912647683e-04 8.7277830676843582e-02 6.2400908713822805e+00 3.5300652761917778e-01 3.0089687876821172e+00 1.9999999560933007e+04 6.4282530370344620e-02 7.6601189968000305e-02 1.1334079268639051e-01 1.3507429715909883e-01 2.9739652557537752e+00 -4.5732435133680076e-02 -3.5015474882855280e-01 5.7275538267642915e+01 5.7277575904737034e+01 5.3875546160169677e+01 3.5558205183283792e-01 1.0906225330579200e+00 6.2315413466110678e+00 9.9998396730738848e-01 7.1823033386660007e-01 8.7287311535787435e-02 1.4738972644292494e-02 5.7914398051953979e+00 1.9999999560933007e+04 9.9999930076615298e-02 3.4906583342524966e-01 4.9794894867116746e-05 6.9813169974924283e-01 2.4627127878527610e-02
1.2000000000000000e+02 5.5271526270167417e-04 1.5523495969169574e-03 8.7268820281013959e-02 6.2001306084263339e+00 3.5805246824517395e-01 5.6649424242178714e+00 1.9999999002298471e+04 6.4283759311788410e-02 7.6600074917233682e-02 1.1334078522336657e-01 1.3507428877219996e-01 -6.7070116715907291e-01 2.0454615308090615e-01 2.9596389142245910e-01 5.7275379247822308e+01 5.7277417733970758e+01 5.3875473810740971e+01 5.1868105496327397e+00 5.1610599403162833e+00 6.2315175993445866e+00 9.9998396058277983e-01 7.2492987716704327e-01 8.7284375902406411e-02 1.8879777623485298e-02 1.2287412728580445e+00 1.9999999002298471e+04 9.9999865942818927e-02 3.4906581165825828e-01 6.6378443781656138e-05 6.9813169790032903e-01 3.2835715376162811e-02
1.5000000000000000e+02 -1.0038635977994833e-03 9.7513893356587474e-04 8.7275174483759682e-02 6.2550785754757232e+00 3.3954092746073555e-01 1.9485666725274147e+00 1.9999998237225816e+04 6.4284974063956238e-02 7.6598945102249294e-02 1.1334077490785381e-01 1.3507427736835453e-01 1.9410461960223178e+00 -3.1474119699276648e-01 -1.2955524737321605e-01 5.7275434417894772e+01 5.7277474090322762e+01 5.3875612581083288e+01 3.7343015616085449e+00 2.9488631469107811e+00 6.2314964112496263e+00 9.9998395126495543e-01 7.3162941972190809e-01 8.7286394811754250e-02 1.6034268373202397e-02 2.3707081893029756e+00 1.9999998237225816e+04 9.9999781405665719e-02 3.4906578185190118e-01 8.2949631722062378e-05 6.9813169465697489e-01 4.1043912647128034e-02
1.8000000000000000e+02 -7.8907796158711517e-04 -1.3220160031638449e-03 8.7272061791409741e-02 6.2694256911760329e+00 3.5085323548047248e-01 4.5535849018778816e+00 1.9999997267005681e+04 6.4286174417497649e-02 7.6597800801312746e-02 1.1334076169026441e-01 1.3507426299450556e-01 -1.7534729144514831e+00 3.4625180974983577e-01 -5.7813131969580100e-02 5.7275640763667006e+01 5.7277677637571053e+01 5.3875934757198124e+01 2.2815771750946046e+00 7.3688145080496326e-01 6.2314732812203362e+00 9.9998397334059386e-01 7.3832896139446480e-01 8.7285641085265125e-02 1.7639562872037284e-02 4.1742706322539238e+00 1.9999997267005681e+04 9.9999676543649468e-02 3.4906574401410356e-01 9.9505462896054553e-05 6.9813168963262029e-01 4.9251622171385012e-02
2.1000000000000000e+02 8.1653350342448692e-04 -1.2865796688479739e-03 8.7272700475888990e-02 6.1952887988761729e+00 3.4084451826846179e-01 9.5859541033740958e-01 1.9999996091278324e+04 6.4287360129153606e-02 7.6596642229114789e-02 1.1334074552316521e-01 1.3507424569986701e-01 8.4256696316014568e-01 -2.7710514662535513e-01 2.0107379615803861e-01 5.7275799616222486e+01 5.7277835984410757e+01 5.3876140425474929e+01 8.2954982263391464e-01 4.8073790458003360e+00 6.2314580326945048e+00 9.9998397736382716e-01 7.4502850207941429e-01 8.7286002672597757e-02 1.7458619253854241e-02 5.2779007126394983e+00 1.9999996091278324e+04 9.9999551364746128e-02 3.4906569815885197e-01 1.1604308932255947e-04 6.9813168244178680e-01 5.7458746348302170e-02
2.4000000000000000e+02 9.8283278551783361e-04 1.0179596020108595e-03 8.7275256439977411e-02 6.2282296080875685e+00 3.3555516415393521e-01 3.5460383901497838e+00 1.9999994710494379e+04 6.4288530957804998e-02 7.6595469653738937e-02 1.1334072636126417e-01 1.3507422553579781e-01 -2.8124518484358472e+00 1.2994541269283938e-01 -3.1025370384680573e-01 5.7275729657376175e+01 5.7277768275033218e+01 5.3876153360130516e+01 5.6604115898290575e+00 2.5949926543174544e+00 6.2314373488184422e+00 9.9998395964623765e-01 7.5172804160686524e-01 8.7286726303026363e-02 1.6211558472657588e-02 8.0295281241773941e-01 1.9999994710494379e+04 9.9999405919182813e-02 3.4906564430598913e-01 1.3255933462619218e-04 6.9813167270047827e-01 6.5665187985931239e-02
2.7000000000000000e+02 -5.8445450704643629e-04 1.5277450660618926e-03 8.7269353160480248e-02 6.2315022120188717e+00 3.6204386477265815e-01 6.1614111470747819e+00 1.9999993125516372e+04 6.4289686710194860e-02 7.6594283330269561e-02 1.1334070415762243e-01 1.3507420255173938e-01 -1.6563371414821254e-01 4.3037510809426645e-02 3.5958875479653774e-01 5.7275515599768816e+01 5.7277553604839042e+01 5.3876019460443111e+01 4.2081831263504776e+00 3.8251499542982770e-01 6.2314133992699032e+00 9.9998396440592774e-01 7.5842757988663634e-01 8.7284681319841614e-02 1.8741197688850200e-02 1.9361786156201031e+00 1.9999993125516372e+04 9.9999240277977186e-02 3.4906558247045577e-01 1.4905147268939878e-04 6.9813166002453364e-01 7.3870849537649774e-02
3.0000000000000000e+02 -1.1210857007755979e-03 -6.5627553380639113e-04 8.7277317196723922e-02 6.2110029303328833e+00 3.4953933227982859e-01 2.5159553343645427e+00 1.9999991336291747e+04 6.4290827140849924e-02 7.6593083512199733e-02 1.1334067887016698e-01 1.3507417680200834e-01 2.4730768389937472e+00 -2.0192165869237955e-01 -2.8729141134306446e-01 5.7275374851443857e+01 5.7277413125824850e+01 5.3875955587937405e+01 2.7560383442146410e+00 4.4531364342325279e+00 6.2313943491797721e+00 9.9998396224767039e-01 7.6512711675897083e-01 8.7286984297673592e-02 1.4883065340058831e-02 3.6712023457835983e+00 1.9999991336291747e+04 9.9999054477337174e-02 3.4906551268050301e-01 1.6551638421169468e-04 6.9813164403315842e-01 8.2075633955618010e-02
3.3000000000000000e+02 3.2012476036273499e-04 -1.6828114187534072e-03 8.7267110163354589e-02 6.2775462250280212e+00 3.3899558163403964e-01 5.0717753964291461e+00 1.9999989344354450e+04 6.4291952069915212e-02 7.6591870495376690e-02 1.1334065045466092e-01 1.3507414833844836e-01 -1.1973312668100879e+00 3.1655538820039791e-01 1.2338199263296847e-01 5.7275447293809670e+01 5.7277485641905272e+01 5.3876111766504650e+01 1.3030098524816855e+00 2.2414639142207080e+00 6.2313678314632250e+00 9.9998396168799009e-01 7.7182665209519785e-01 8.7283920915574992e-02 1.9626751255799567e-02 4.9003749363758695e+00 1.9999989344354450e+04 9.9998848628075857e-02 3.4906543495800973e-01 1.8195118047836800e-04 6.9813162434517140e-01 9.0279444084194416e-02
3.6000000000000000e+02 1.1960459814207970e-03 2.5955008601853653e-04 8.7279323933847297e-02 6.2376094684819074e+00 3.5060505139128423e-01 1.4446757410624960e+00 1.9999987149973753e+04 6.4293061292269776e-02 7.6590644526838614e-02 1.1334061886887144e-01 1.3507411721471313e-01 1.3910251807209359e+00 -3.4770184243937097e-01 4.5969514897411141e-02 5.7275668377807513e+01 5.7277705268091317e+01 5.3876414152970646e+01 6.1338491911837245e+00 2.9097398803197227e-02 6.2313514687827780e+00 9.9998397321945054e-01 7.7852618579406563e-01 8.7287904537720881e-02 1.4021692808289729e-02 2.1369348119272943e-01 1.9999987149973753e+04 9.9998622787356994e-02 3.4906534933004280e-01 1.9835309082660846e-04 6.9813160058149859e-01 9.8482182783541705e-02
3.9000000000000000e+02 -3.6609036951911001e-05 1.7440248069683618e-03 8.7266742501018263e-02 6.1880090633498144e+00 3.3608084929577048e-01 4.1098583541402238e+00 1.9999984754032288e+04 6.4294154606935272e-02 7.6589405893999637e-02 1.1334058407154957e-01 1.3507408348520425e-01 -2.2956504538385269e+00 2.7517474614788728e-01 -1.9545006518964683e-01 5.7275797834322404e+01 5.7277835767539536e+01 5.3876604967859059e+01 4.6821222071408428e+00 4.0992970826708035e+00 6.2313335561458718e+00 9.9998396505025322e-01 7.8522571770510763e-01 8.7284175596083480e-02 1.9986728753218764e-02 1.5917843662125319e+00 1.9999984754032288e+04 9.9998377045911718e-02 3.4906525582600734e-01 2.1471911506376617e-04 6.9813157236461354e-01 1.0668375329108160e-01
4.2000000000000000e+02 -1.2051844091826647e-03 1.5352775983459778e-04 8.7279584879668901e-02 6.2439319173478092e+00 3.4623961087649846e-01 3.9245026852825110e-01 1.9999982157037983e+04 6.4295231822193460e-02 7.6588154857539045e-02 1.1334054602312987e-01 1.3507404720566224e-01 3.3204539703488151e-01 -1.3015776742776736e-01 3.2176106582216152e-01 5.7275715181175606e+01 5.7277753305997507e+01 5.3876566122341721e+01 3.2296863431317613e+00 1.8870233339933686e+00 6.2313123792410900e+00 9.9998396351963637e-01 7.9192524772338380e-01 8.7288040286172680e-02 1.3919010994626406e-02 3.0148856815157274e+00 1.9999982157037983e+04 9.9998111479927362e-02 3.4906515447939668e-01 2.3104649324889870e-04 6.9813153931942151e-01 1.1488405876440955e-01
4.5000000000000000e+02 -2.4796586704406686e-04 -1.7073942562725766e-03 8.7266830873244480e-02 6.2232061099834821e+00 3.6352245953689555e-01 3.0303790736220626e+00 1.9999979359887097e+04 6.4296292743129285e-02 7.6586891712237912e-02 1.1334050468613194e-01 1.3507400843349471e-01 2.9776135694916110e+00 -3.9472851557053650e-02 -3.6146775535327691e-01 5.7275500023203357e+01 5.7277537081680144e+01 5.3876442543729226e+01 1.7772805578272182e+00 5.9579032610774174e+00 6.2312941900000789e+00 9.9998397184905663e-01 7.9862477569231471e-01 8.7283884267813305e-02 1.9767896427975783e-02 4.5681667290751138e+00 1.9999979359887097e+04 9.9997826189633918e-02 3.4906504532878113e-01 2.4733221857187182e-04 6.9813150107380750e-01 1.2308300278101270e-01
4.8000000000000000e+02 1.1468707131148611e-03 -5.5686142942564421e-04 8.7277824070433649e-02 6.2323355316641003e+00 3.3952471957951152e-01 5.6402727565565609e+00 1.9999976364338854e+04 6.4297337226054282e-02 7.6585616762363834e-02 1.1334046002142782e-01 1.3507396722422929e-01 -6.6580346984279815e-01 2.0101760064582921e-01 2.7549810736597913e-01 5.7275366891615136e+01 5.7277405858030079e+01 5.3876358825785516e+01 3.2472625641315955e-01 3.7457542744334571e+00 6.2312693555012473e+00 9.9998395680073049e-01 8.0532430150490475e-01 8.7287135258030724e-02 1.4606503823714879e-02 5.8311655404251486e+00 1.9999976364338854e+04 9.9997521315443663e-02 3.4906492840788333e-01 2.6357361571227589e-04 6.9813145725535153e-01 1.3128048877644793e-01
5.1000000000000000e+02 5.1852899419457723e-04 1.5767383616872024e-03 8.7268625453502821e-02 6.2772903643726581e+00 3.4190813245749252e-01 1.9332270674831136e+00 1.9999973170544519e+04 6.4298365070875260e-02 7.6584330272393544e-02 1.1334041199433231e-01 1.3507392363716708e-01 1.9475415148371478e+00 -3.1888134726983053e-01 -1.2551513172961584e-01 5.7275466514076577e+01 5.7277505091866935e+01 5.3876533906714997e+01 5.1552869034350364e+00 1.5336721537316023e+00 6.2312490247543941e+00 9.9998395988620759e-01 8.1202382503316173e-01 8.7284408485838960e-02 1.9017281225896597e-02 1.2530755487201444e+00 1.9999973170544519e+04 9.9997196931007046e-02 3.4906480376157223e-01 2.7976782748695417e-04 6.9813140749717739e-01 1.3947642056529119e-01
5.4000000000000000e+02 -1.0235015910473250e-03 9.2936698283356729e-04 8.7275922343916734e-02 6.2025567906115855e+00 3.4871906524524354e-01 4.6220046416187301e+00 1.9999969780583688e+04 6.4299376143612572e-02 7.6583032569386950e-02 1.1334036056824379e-01 1.3507387772949350e-01 -1.7475631746103306e+00 3.4723538332592074e-01 -3.2805219260615748e-02 5.7275681654620193e+01 5.7277718398605032e+01 5.3876830432176035e+01 3.7034627837005796e+00 5.6039705847041681e+00 6.2312309956394012e+00 9.9998397437419428e-01 8.1872334614447551e-01 8.7286871289312701e-02 1.5839126199980853e-02 2.4043604559041243e+00 1.9999969780583688e+04 9.9996853200396044e-02 3.4906467142918357e-01 2.9591210109503052e-04 6.9813135143179461e-01 1.4767070207382060e-01
5.7000000000000000e+02 -7.6103041421903266e-04 -1.3561050859040987e-03 8.7271922267472588e-02 6.2022045048653984e+00 3.3618709414360154e-01 9.5766778468207947e-01 1.9999966194886103e+04 6.4300370275135577e-02 7.6581723915419800e-02 1.1334030570944276e-01 1.3507382956061897e-01 8.4932359217295450e-01 -2.7318652205672617e-01 1.9843876219413534e-01 5.7275806180015337e+01 5.7277843626089968e+01 5.3876972674328471e+01 2.2512524152216518e+00 3.3914670792358126e+00 6.2312140663813196e+00 9.9998396888524776e-01 8.2542286474765225e-01 8.7285775499534632e-02 1.7816588901053386e-02 4.2009964437774476e+00 1.9999966194886103e+04 9.9996490215292652e-02 3.4906453145695293e-01 3.1200382778240332e-04 6.9813128869612151e-01 1.5586323730879037e-01
6.0000000000000000e+02 8.4411336630898148e-04 -1.2497886993561797e-03 8.7272951646586369e-02 6.2529642607086675e+00 3.5698492848687968e-01 3.5283668790131189e+00 1.9999962414727543e+04 6.4301347301868053e-02 7.6580404628621174e-02 1.1334024738636997e-01 1.3507377919143282e-01 -2.8072593591360633e+00 1.3219859279780644e-01 -3.3258333730414880e-01 5.7275700308855477e+01 5.7277737985199508e+01 5.3876940239505736e+01 7.9848997185765824e-01 1.1795174433506372e+00 6.2311956246874924e+00 9.9998396704393822e-01 8.3212238067853128e-01 8.7285981625204984e-02 1.7279055592693063e-02 5.3064167323350038e+00 1.9999962414727543e+04 9.9996108113860088e-02 3.4906438389600664e-01 3.2804007671427549e-04 6.9813121893106855e-01 1.6405393083679454e-01
